857687
970943
301363
420811
549533
269641
552883
660811
757319
293651
337277
661201
630017
973331
517613
464021
345581
155333
578041
239711
432007
796361
641827
213097
200381
418867
543853
690953
495787
992539
413081
780397
200713
985253
332779
435427
296971
184843
108881
651997
969977
924499
714881
104149
105407
595873
949853
868793
589877
472847
185309
362759
708857
215687
481093
552749
830911
670639
760993
531299
303091
202729
929087
787043
875033
318233
382231
497977
931913
225167
416459
950993
304033
515311
662357
603311
407747
793777
206939
792359
753527
733433
470669
613759
178169
527881
944833
636631
185131
232741
691589
650549
165311
774127
620773
352931
534617
906523
790583
921203
176777
435641
693727
563051
723407
165161
259643
328093
209477
272533
465721
516541
240853
839009
993907
395323
247739
253751
751021
716713
797497
111721
617801
382271
330019
371213
856627
670297
876263
188147
401651
839801
199081
876871
455219
953503
631013
928271
833299
102103
590153
363967
733141
714257
563009
563051
568189
793979