333581
467471
870643
840341
483563
811511
739397
663097
897649
478763
951221
311803
838093
258157
549883
761291
360509
312677
161017
436693
852809
274931
871163
534931
768359
609221
488239
728129
345889
613427
794221
512761
469321
917051
223781
135899
299473
911899
829273
841003
736093
631573
184441
723761
631469
526943
856061
390119
889171
933847
948671
264283
933073
963227
665507
251287
667283
719801
860813
310721
680759
231503
377779
170179
375371
675877
148483
184649
413081
875521
266767
149899
593633
937337
460673
483991
658831
893743
189983
314599
765293
572479
893603
237067
164209
551381
700363
733829
972017
136991
582161
689167
562273
826867
955051
777677
101183
540347
569141
194659
747611
956699
922613
566233
810377
795979
817319
569843
402761
779971
806893
637199
368293
845723
187507
799891
489817
333197
593777
324161
762379
494077
861947
506837
173969
582203
749659
340451
169627
401393
327581
495017
957041
318457
277751
738827
549169
931181
829547
999983
362951
755437
262303
602317
243301
114077
921931
407599