838421
798799
531833
885217
328781
100069
451309
270551
143999
474503
792613
673313
503771
687541
194977
141359
187907
383951
393677
184517
367229
165313
929323
914801
961769
663787
919033
798199
869983
832211
538049
588113
478259
560719
747497
752009
847657
106657
959351
839731
236461
272407
572791
260773
943153
955363
120157
942167
806383
910621
333439
124907
412891
823519
388573
228223
734471
581597
576299
881029
506689
887743
176047
561961
978713
615799
706547
691289
344053
845179
538763
359129
211663
184211
202777
752513
258283
584621
686837
802073
528811
969671
378011
698821
668407
217619
664583
375259
876011
306661
332447
777137
607531
207931
650449
772573
468619
188801
498833
493937
316067
309241
721859
532453
748091
784447
513047
256957
463753
309173
381697
191459
560551
860107
173491
288007
807299
672169
156943
355891
718759
452807
213491
135661
309437
424147
725687
892627
862031
346961
815687
786179
182641
705973
322537
678289
673039
454009
836317
982351
433817
835859
929623
535399
495773
142537
678343
588673