208009
722237
954139
640691
868459
293473
575317
914513
553811
517289
120163
965399
338803
226669
943387
595627
434831
631121
161977
878089
115249
182887
444517
359663
765899
768851
955711
764893
979009
535547
302443
359851
305999
228013
742073
148201
453637
133117
289871
482861
336491
963241
930071
284573
623269
145361
644191
421783
703447
780961
591067
643009
627797
601333
998909
478727
292541
251057
312383
701863
616723
534113
376729
435151
566759
298261
260969
758551
409259
300193
909731
516179
967019
365257
578621
488249
126229
391273
830729
625129
200771
739273
121883
811799
192553
996011
285251
192571
592727
251857
265273
328637
949211
997741
438479
867007
338297
790043
100417
444817
503779
364129
851647
894511
594091
814717
731807
756689
480071
147089
410383
275153
235519
740011
575573
385039
234907
850943
534739
405341
373157
879821
332467
256721
354667
492007
488347
893449
564449
630587
663281
990001
571477
645499
646771
480451
475997
594103
461207
238573
369319
636469
660559
276487
503303
121327
927049
188857