419557
841541
176903
715301
640667
162709
788971
705427
879023
834469
575611
513131
735389
384289
960677
460189
188323
670849
194017
621301
231197
560311
697819
909383
329111
283117
398369
104393
530261
281933
200341
534839
226663
736367
833479
315361
486119
942163
545759
158407
392809
876229
984127
501841
993319
539947
580163
210923
453073
822971
187963
506269
330821
916177
991909
719951
110777
691349
149381
570529
541369
341963
295993
214069
751987
802297
256441
721883
290473
245983
609461
733991
393749
358181
236329
900241
782393
905413
187081
328781
836047
766583
394249
783379
624997
481043
354643
547373
138143
220021
115987
703711
813023
244219
827213
187877
324517
623683
290623
471301
630893
515377
970927
514127
305917
674717
676057
769007
755663
766393
129803
326659
275147
201193
829687
842341
692327
581171
334541
914657
374029
228989
930287
265117
219749
160639
318203
933949
410899
691799
891439
154279
522337
156227
921667
731639
846563
434831
338119
643039
218681
510247
799003
407947
180281
748271
272537
591391