856369
313351
276953
560341
975629
404323
539351
580163
211663
191161
778847
709831
849701
818687
671431
396647
997589
603859
606527
723917
579011
623023
157133
363887
959533
356819
466909
765143
381659
392519
564127
440311
647321
133657
929417
517343
414461
121559
878131
562763
367397
885371
357473
209089
637729
148891
653899
643039
578741
590243
748603
183571
873419
255859
464809
569161
582983
861293
831367
979337
225961
228139
322709
197203
510077
428843
399577
441907
252169
300149
840661
251611
215909
394729
958459
885721
783043
749431
298349
271729
731611
508223
240047
914723
432281
842819
890861
809827
568097
587891
203989
225751
760261
133279
426061
296369
778681
259213
727981
720779
632389
411007
549203
716741
222773
950569
786013
738317
362143
436087
102197
613199
551321
371663
158867
909787
271351
352073
947659
430499
540217
933649
469229
538529
721043
112213
607003
964373
712967
640027
680657
766039
723907
816971
265873
285473
557269
866519
792479
751181
320513
649651
476737
423617
977513
709607