765907
900149
196687
533227
887177
493399
975427
560113
591553
416989
614177
677441
855739
732211
274117
666821
686963
275969
237973
234431
607619
701329
996563
875929
968239
266053
593497
653111
612331
642079
913013
922561
120011
986339
465587
980887
736691
291899
956353
524681
431077
178301
879119
247067
198083
942439
537413
624809
963211
199559
815431
587497
591559
218809
972161
396449
228479
829399
955051
562297
121367
163673
291509
101921
925039
716399
429467
820187
761611
645187
932999
781367
447641
377353
512779
917237
261427
116101
412033
825577
158227
535879
845723
293351
969743
251417
392807
239017
216451
383657
360167
448351
437771
520409
565387
424559
449941
148381
543407
891523
880513
772091
148723
235009
885397
629351
528403
842507
655273
262121
779413
546709
660073
419329
342989
882773
964259
948151
601061
834569
399887
928979
329257
615661
817723
738029
707279
313163
995551
270967
799093
144889
205141
542797
530641
752483
579179
861001
979549
941999
180701
804341
718171
842423
355853