969071
685103
576649
618029
730091
762959
270913
276151
839117
866399
839473
873331
309011
676763
305839
713891
134837
878567
557591
493133
542131
499277
640247
211741
114451
929063
730111
397153
615431
717331
665569
330131
765983
185651
609043
578419
608693
182339
232117
427151
245251
831503
479317
168463
736039
796657
204917
179057
102913
393361
120889
376687
113357
721739
377071
682789
277331
475831
634643
970583
304553
660061
113227
479593
381287
155821
791377
237073
957431
246599
664613
628561
621143
947411
688217
978713
183881
844771
400123
954857
607249
528631
183709
612719
537811
844709
488743
342647
595951
697513
887543
802141
169079
683273
197779
679957
649643
193003
806543
111229
860813
572161
781007
390113
606029
312451
221717
270923
710933
892657
548567
448867
371639
966631
443243
753007
594739
539129
166169
593399
257837
796553
365129
167249
312517
243707
157721
912089
594281
738583
189257
978287
300043
141667
571321
847531
540233
777001
930491
384841
520921
554747
978689
894791
388351
820747