651845
712573
507924
625503
259083
821551
608684
731219
169194
489930
289918
100199
845491
604305
349877
248470
862352
401526
895878
118352
677162
712253
372774
284978
433751
215061
675668
129651
451611
582755
241589
249380
185189
792618
582966
149839
867530
523557
440217
540802
564445
286065
507978
804687
146840
673769
940462
425725
250717
585168
389770
119722
206190
586818
228426
864261
544676
494347
565649
290829
380620
355777
184772
664890
580732
762470
649054
979328
307404
700633
931840
235533
209549
427949
373891
328454
358128
586895
996436
687671
806376
740104
660687
534959
413159
718570
937728
822863
424048
758508
230843
608523
190415
511650
604219
978686
632231
923094
866262
259677
504621
759414
423809
404532
573473
989223
923601
217319
221967
375259
281212
125300
236821
335310
826762
418098
899628
550673
310690
223464
369214
308289
275544
677184
980160
725762
578900
521541
568957
850408
998977
207420
207883
601437
885641
418142
106993
379590
153157
899561
481895
735139
719696
694287
842689
991874
321237
692159
176770
901219
121127
687700
834609
471071
869599
294535
966134
602475
379060
931309
234787
250233
754291
297337
316073
611678
996002
526191
955540
567249
841582
602519
486400
739824
957133
923142
447175
561040
989104
939483
683193
385828
227661
620272
788076
769316
746750
792974
329772
830713
584601
664524
355145
933844
292298
781619
339103
238738
270233
502554
506306
289157
851267
257813
676827
890998
316981
485389
228455
374515
237400
168959
312646
382976
839796
244494
824210
736547
842393
271563
243403
840170
181771
827509
461775
905036
868660
855256
359889
612414
259634
337336
890057
725952
740348
652188
326477
239141
862278
184691
582746
787221
794549
895463
502144
350952
109009
264637
244193
320198
268743
387151
517169
104605
821778
830654
469795
857821
835755
257918
743856
243427
517006
660631
128820
501286
764368
579916
219119
246491
402332
692424
361037
510316
960814
723886
268654
518263
925146
378393
538120
294446
843423
655421
129490
864030
984934
296266
486543
178048
336165
900029
206954
983417
620955
602483
143989
757574
249202
442095
935467
738657
996101
671806
583870
684194
957737
847807
735680
843422
220116
378858
417057
635803
149065
232703
983436
811539
707511
652471
416768
396081
564282
701674
143738
833001
349748
819557
134077
105382
827207
772009
262049
400766
156190
418399
277811
698905
682251
546873
306821
452414
670886
508719
101187
233136
328601
262748
188645
626219
908679
595720
706474
765033
847086
965415
241657
638374
910527
606338
212136
171328
822119
676082
267529
156246
974823
751973
136606
415707
699194
339107
206630
630902
668208
199036
430372
125839
989933
926291
307786
207514
228077
476662
123847
905806
779523
182670
956327
608353
978719
270979
103501
166991
640020
620449
630053
566559
352029
560586
692750
845929
811243
775386
380198
659520
543972
100559
848789
661651
440133
686490
695852
749542
303245
394360
958115
505053
493098
130200
629756
498566
644301
445938
393522
806086
871658
892342
178672
251202
523895
555228
363748
263838
463664
125583
943215
156862
293064
855328
982087
900537
620714
572032
252669
638399
489247
613177
513185
694246
341905
261480
464618
984865
312541
828878
645122
565936
249970
493167
915809
601525
850015
992084
351447
921443
220766
702947
704508
982323
203570
978285
114927
829134
527850
386751
486239
436102
545479
875652
439542
174401
321022
140642
287778
680735
683605
357479
739184
587095
627870
823375
829721
400735
246925
783320
412960
728234
701828
877173
897238
873595
331012
318786
877592
669529
839445
914396
117703
393795
404663
597808
346395
210431
454712
403344
588097
198438
490534
343581
148877
252133
593843
997031
656938
820625
571352
370726
519341
609079
627806
644639
408439
752743
758407
636545
628015
997250
835393
514571
553164
841933
480249
900200
245330
715100
599122
324948
625765
769671
779701
262659
540597
527387
279119
654294
876348
372024
667933
185181
374359
117079
256522
778172
592798
717994
740855
752424
468415
544920
713841
653478
852270
139156
832309
248322
573498
644706
209771
513574
818944
886354
864359
878264
201470
917023
102833
944715
698732
753583
334237
568495
438960
982343
793237
789115
866496
998897
681634
974765
532583
570943
791825
691604
357469
808354
452995
290640
558742
146584
951098
281030
494492
538323
831530
652415
115273
634267
959037
116926
371330
917093
471897
755528
260847
887904
523058
733800
402476
191065
313360
193604
265014
130573
682971
255719
108368
160773
261455
140964
608401
662884
752268
873413
195609
268518
290739
330286
466417
618553
679649
235645
965547
643338
823065
524544
600896
770566
656132
748483
604340
373917
388269
728229
929898
522239
890712
721147
531965
288836
336678
941179
805977
159770
849005
878547
465630
308530
390685
446739
726906
722690
623074
695420
996343
742005
283086
193145
245141
932066
298997
925082
966395
377906
995347
232913
477657
454735
845239
171182
514539
865924
840383
969072
884891
594555
280461
895160
792910
113988
216274
704940
542797
627780
536621
784272
274768
955914
338189
961454
901600
920698
762832
892452
537522
205915
118262
207384
716681
907858
244324
129339
645189
416767
929265
599334
137295
958760
544236
965943
161141
321032
803788
795474
270897
778929
724833
397673
990849
729006
401786
624184
721448
690937
488894
836499
831515
799944
122016
537262
830885
964122
463093
345966
335276
536989
182565
862224
693402
855986
519186
468438
547141
966556
685031
128020
195164
989115
139919
153122
119232
245534
744827
132358
464996
353966
116735
358743
893437
965751
434570
749458
347646
714572
471308
478256
526050
573669
228218
564514
808572
644588
814327
746761
800739
996039
523689
139382
355084
910125
658797
160720
951548
399632
541706
205311
389503
865559
111512
713411
252219
551816
816608
405355
476551
455439
606330
373803
689846
785942
866503
150238
714492
619832
983335
274122
866431
395958
592055
629068
564136
982027
177490
885974
421363
632699
912706
397086
156382
194396
402444
744117
726131
670358
934676
219143
776274
760426
773427
370814
583151
544286
845818
987769
265348
346746
236029
466728
391600
348384
376744
573391
589618
725930
617386
882162
307031
193866
945520
298914
693445
728983
452659
809388
192036
110589
576008
534282
965262
741745
899322
779353
445128
340834
930120
732861
691850
593002
974735
227680
451901
225709
500517
588097
650681
159410
585910
458019
304054
352022
414627
749070
916650
896652
331566
263387
336630
594871
504987
351905
850822
491831
785803
866982
418915
448392
270924
200774
122326
131962
256771
234485
725842
741877
655767
605779
957752
779447
473350
825468
250023
663891
894283
867662
615196
253096
871218
743167
542801
401056
263917
155707
121026
735886
621276
977878
429102
442044
826029
463757
831384
635005
343507
188037
509334
299498
349037
758897
424762
374467
946539
538627
608019
408174
110647
963463
505812
156724
302147
791134
194555
553479
956224
927605
435569
702757
397288
112191
928922
483119
703289
897269
752991
943693
728861
931169
319438
760044
363619
805732
702768
337269
439572
977899
727127
413527
735904
732718
462309
503014
842718
594917
439870
173496
550272
852926
454686
757771
339563
337680
957004
187641
753156
470053
391815
937810
328194
951328
139221
212399
480150
354981
607125
635007
112526
884025
964022
107206
776020
523855
756544
379510
756935
306087
394502
200636
890494
924716
604742
837905
709699
767690
182952
857310
630879
243217
942091
988192
888579
478378
555461
863571
313680
220554
948757
292891
926279
270542
866188
511658
934403
315889
139836
311976
998920
441971
506863
223714
960659
998867
288824
400335
538916
730994
534492
750523
138556
533135
914582
646423
250886
969026
691773
595831
819866
949332
295230
208891
861373
997421
149855
981611
894889
953517
431414
918891
132452
630943
521200
837041
181592
998448
729596
951392
844543
640097
427150
428207
377782
590905
751532
997080
235290
520179
469773
137305
300365
994849
972063
534237
631870
744231
718144
840677
391973
258739
529718
203094
829143
532303
156265
436246
220723
900588
263481
695461
621295
557589
285783
362216
586383
751513
553137
540089
842589
151381
277548
592996
776485
278394
359956
103571
336071
568032
665668
697140
254806
243106
780320
246458
935045
861789
661492
617775
352166
936241
819678
916364
413169
969406
534613
379569
504160
702503
740328
181682
435980
460458
633592
103139
456010
243763
998461
431067
499498
672190
364222
878877
733153
766971
855970
707322
543435
334438
469183
449998
867737
128144
985763
695399
915177
367940
137027
560020
399857
350455
911713
155263
672685
361108
368051
267055
780771
535663
411295
390638
800367
525020
355447
150243
509720
715514
212817
875497
905578
712459
364204
800701
299061
129050
740131
355503
236606
731622
567801
981132
968750
549696
819856
247230
547083
133920
612102
475487
571904
389961
517201
230616
359333
968687
445340
167688
447136
190012
977001
606084
660083
730667
331089
372590
452601
880402
154286
204460
433990
352293
167808
125704
693399
961605
814192
379808
451853
857536
709900
630691
304496
574543
521877
710331
206370
246137
554429
288153
413304
861742
698706
920802
591184
247599
550757
106445
215368
939615
325042
528353
769843
437786
443790
808558
994604
838051
517012
291366
136899
540791
913172
980579
803795
480828
664689
171441
757767
324479
575086
260991
777924
735912
712664
556309
931455
184278
579448
824101
823051
279613
329237
207008
999851
892711
810668
967227
286444
465339
111334
433198
642143
553771
101980
837136
695162
649405
399092
596387
672855
819661
982782
275592
944345
133794
774920
463925
193605
870876
895769
721568
741065
887173
390332
561010
510361
854207
429342
987354
252593
790358
472566
551370
598361
897327
848546
899535
884453
613232
764103
723253
135117
310414
637819
603824
806407
425520
678503
101167
632093
587292
867802
365093
738593
758779
823214
532743
550154
862434
287570
214968
231670
417237
333605
165139
334934
464229
863346
686291
623415
787105
412371
110310
294191
547615
594196
707474
489201
643821
867563
931429
440624
835807
956200
971407
767314
103566
951521
740037
965442
231212
275348
156986
902329
985490
408451
847166
744358
587830
986360
582732
642974
599699
357025
447574
736747
674638
943496
678334
126046
401222
812691
434949
163051
497729
205394
930646
748506
866105
807916
341549
859898
533394
648102
756436
297118
430596
734132
980052
381063
451230
304632
240359
850053
292526
903835
851848
518729
380172
757904
680310
805635
355064
382264
475156
805466
888617
261608
651329
501888
713193
731875
230571
913997
640853
778949
700424
170501
111168
829939
117913
823935
437026
791207
344157
154768
957264
252617
909429
376362
985876
205618
789743
791235
904916
143140
415876
224531
763598
457505
689349
682560
893096
374906
942267
122577
888793
661767
108618
222380
666440
384658
109699
346693
226119
116863
332619
946675
234672
599415
223802
388287
321718
160122
421265
357988
841506
909883
482662
135713
716888
510150
731389
575171
974561
662027
352416
663279
348906
695353
495250
596357
196727
784072
823401
113642
473802
598103
933015
543688
617320
465652
937870
929844
665830
748740
492691
921254
442217
530520
879442
286083
165370
900850
156089
128037
343560
369366
362863
218923
381046
597603
621430
905979
321413
443190
459663
153131
775554
471164
746349
323631
513848
223572
721985
921693
560831
870620
197855
469358
998767
260710
439142
733093
188874
262987
419665
983700
460379
510113
760315
869689
472689
356475
377229
914830
982246
790336
507387
516019
912130
858318
532056
280239
410676
228807
621148
442629
574984
596899
637144
457853
968405
117688
929611
941231
441998
692670
538007
900992
878531
911494
236017
493319
490792
402758
307350
726888
147638
582989
262668
869465
870148
400116
389719
527013
287510
606323
823874
222666
148703
482118
184770
749227
531592
177781
500758
897163
341290
106820
536760
727579
858139
391966
298249
733429
481223
680512
593424
678152
693822
255854
262246
957140
872418
651873
196029
991633
907264
913756
745367
612219
620901
644541
386614
928685
355864
427239
743588
408124
341534
453383
323116
997456
189734
439144
265282
663337
173581
704379
388529
395066
970098
317203
736464
270807
969291
357805
500608
366967
933492
200558
259451
640032
566331
484347
804057
621516
458913
929675
779788
499983
160650
867062
384168
597618
419183
995968
721961
137272
593951
766248
156780
210912
140270
682260
786553
173651
297400
604444
191103
335279
255902
256348
127702
779445
830290
340280
999443
119358
361799
362646
253346
563759
862807
671034
392606
229814
831150
289419
486925
895465
487477
508856
101818
585521
825691
144843
140377
471189
697901
161094
333320
197831
872728
999548
989477
984610
699972
647617
994830
806664
816343
130537
253703
735866
903783
565565
901444
993967
932607
547633
856369
904914
538671
147054
537995
658822
865821
978353
612596
533738
303439
433993
650954
645108
855066
557571
364733
313351
757867
151863
709611
412179
215028
699380
289675
319229
370355
271781
262254
276953
667552
495024
679612
758616
139468
785456
818467
896127
177009
625234
421912
658732
678672
976131
192769
683369
419634
260986
300634
275135
747068
938141
132996
405996
469668
537689
636658
240372
597817
168766
396682
694668
277966
978756
621102
193343
560341
729343
696857
351545
975629
603975
835215
566306
123291
158046
111314
702310
168076
749662
547330
433993
404323
881640
127840
320872
578238
987176
853938
626976
645123
347791
539351
499116
385189
544625
797682
762374
741271
580163
327038
613173
500850
440833
954463
555183
714910
555012
674248
100876
656324
155568
788407
380060
371219
887119
208075
245999
312153
644093
658656
539446
640564
831590
211663
153673
206064
542948
772727
734991
812821
167587
191161
778847
503040
605234
457738
179865
315760
547712
526314
787060
903454
243549
521518
978137
790724
966025
981581
588955
524785
718186
513281
394023
435434
652442
194368
702535
825634
334024
949619
160391
515775
575676
614116
569781
966279
586584
295616
616058
497195
139495
447562
394254
974337
399155
569980
453266
923423
835045
414646
557821
868738
595111
837616
471763
783676
600767
862091
194714
780493
444618
461210
400707
373101
577935
709831
245007
460636
847229
159238
135111
262286
268480
791445
849701
856975
364075
120257
458246
266925
456467
629771
224982
651511
132995
400510
408021
783168
589622
659260
372970
391683
294805
977909
160501
683622
833777
553937
755202
323468
268779
832245
425466
996334
818687
621309
510596
303081
745065
975781
880990
862391
219266
590916
671431
233869
591864
368425
396647
396909
869218
330947
115992
527082
240632
913398
453843
968581
896292
709855
372644
214978
923093
669031
597854
997589
776487
885832
409638
447848
940163
603859
853509
843327
841782
190974
885060
328882
326080
926040
933068
947081
469456
700332
868861
460581
214464
206457
431795
182677
901725
359770
606527
848190
505924
639078
912106
723917
382494
367719
847890
919085
141998
269695
982221
579011
172769
623023
157133
695251
372017
221892
397220
702393
959570
957658
914003
492456
499108
421161
822712
124321
992793
601798
377095
723920
531872
342285
677778
507969
994265
791758
847768
862523
472609
441308
234434
217562
643013
363887
959106
346950
385608
680939
281875
781543
956200
207384
405688
733006
166255
903729
682434
118025
411760
750366
392266
661876
654776
543823
702782
532148
291452
560838
857212
592040
998807
316361
959533
266512
356819
109028
161860
884429
433561
655792
257233
983294
501912
702876
919978
832322
518608
540778
537778
694090
701169
629696
155607
711124
843394
442690
663059
100667
407017
807141
313905
123678
948328
231862
656432
158229
558134
694065
415772
606782
133867
558698
698691
216027
886871
269088
610176
248760
958749
397896
854688
950591
731667
183513
589024
173745
436595
902841
576619
631782
463144
466909
791020
646312
670224
144418
420516
765143
571439
723683
420053
381659
413657
333872
890176
655622
263283
944872
212426
390295
342528
411688
161248
806890
759208
901406
726009
612874
245615
769350
399827
180802
538863
358228
392519
994578
469527
659912
428874
513221
431498
235344
562656
818045
564127
558116
439632
752097
625217
210677
400399
924895
385782
583455
893919
515624
126388
727941
890412
380295
635344
628975
937795
473567
515375
624426
994522
323876
608619
716711
587448
502821
330912
807032
259457
274836
377548
585609
772681
542838
880307
984159
385035
107322
565240
146589
440311
220481
972526
528170
386971
519838
801215
206182
367565
171587
795701
220523
490908
128948
389645
578157
955824
826239
694605
921898
274356
657556
388047
703259
732738
383671
384778
838452
501922
788882
478315
985684
467051
469070
647321
215658
182831
576128
473397
947184
793077
960732
845308
271606
133657
620823
668920
891505
333655
986765
323350
171493
701339
716111
528775
638982
549632
870627
720132
646256
618561
669175
578684
918682
642601
162572
295072
297428
230202
204762
257726
415581
971986
238596
528572
866133
856700
335020
442368
817404
502427
340222
996374
929417
822219
766083
593345
178203
423234
452426
313193
627125
305341
698647
210866
984631
545163
668656
482047
517343
547205
375074
205737
951065
425315
838073
171655
939050
204622
611656
149962
414461
679777
861126
181946
692875
950316
121559
454060
717939
731828
383144
954330
610671
933188
548495
540969
292847
114628
306699
288666
154273
878131
318248
377720
869565
186129
978904
552095
594272
164993
957664
673670
755606
312586
562763
253715
386258
529032
762615
461743
772966
829881
598017
905880
757863
411646
367397
825826
298362
221460
466803
518584
418962
369485
786746
763133
779024
997612
703182
628392
885371
102313
137215
467673
197332
603871
345764
770523
531834
819933
446122
760963
484414
971062
407976
988280
106870
225513
590777
460864
605855
644831
587384
135875
181992
110439
259473
563031
796076
895018
236823
930115
176947
461826
357473
209089
547130
245582
776685
249212
637729
928058
504891
427437
850563
465756
638707
234537
431721
834279
779417
490434
414788
609187
148891
747148
141553
118860
633821
135975
237934
653899
922239
234308
557626
780637
943610
501075
643039
793940
968806
923052
862977
828268
746172
611918
752128
420796
263224
934024
189190
962211
158931
212316
971667
842766
498062
474123
958730
488095
642546
531798
955628
185387
629563
135692
446382
145452
213106
578741
215915
426515
196300
531685
903387
661053
590243
863903
443973
828938
375573
860714
763989
959327
332211
450375
649488
404846
646408
952290
345338
554474
366393
343495
666003
834843
612008
285847
613503
509470
245270
916861
152585
804863
725412
587158
699674
902512
403295
152099
541623
165815
754233
748603
643552
449252
179731
594422
662601
759984
678945
425266
319363
316475
251615
259210
862412
589672
745142
332252
689359
224598
825452
874607
367161
118889
293669
930292
211510
522486
480683
957471
981261
747936
312554
762538
183571
244684
336553
183813
804121
101549
146492
876184
809427
873419
936922
856356
313088
734232
162581
541444
563354
315185
178615
492306
405238
640233
141288
389672
422860
624565
944469
651786
248415
255859
251469
327586
513102
605994
350340
854012
464809
607426
360472
528999
442324
367271
362734
569161
582983
286108
794433
698345
433897
149685
222903
994470
660960
587564
217622
991795
867671
714840
186921
986852
688151
960442
461943
952483
765421
194411
894742
448041
563805
946446
759964
187254
324490
613592
365280
975612
498471
302310
571140
500752
233130
708685
440366
861293
341398
181322
607410
263731
961641
612544
688344
466184
133369
787398
521365
484292
939194
526304
831367
928174
178107
158328
671545
976822
335506
979337
372969
225961
847377
228139
488495
893710
246305
655829
945956
160298
959168
372884
906794
514552
933048
964843
632805
142681
769572
179511
167667
832893
832662
365269
840291
771411
477844
528519
444696
887528
197608
100048
153628
322124
680164
428372
677025
923969
322709
584514
637046
384092
100314
786652
984494
608886
197203
316220
222371
894608
510077
896365
850045
742678
463548
694172
456595
428843
351072
311416
709399
860182
386170
386016
518114
908585
458805
303112
773490
709081
633782
516639
927774
955745
399577
961199
809054
108468
438302
785261
305718
698385
503078
988001
636009
441907
970257
415442
923036
972558
402566
252169
258082
497179
848231
565913
179808
632290
548258
300149
895186
885225
620012
946041
508591
105828
406903
697053
533944
440380
266511
951718
740699
106920
781880
820436
656492
840661
439704
905410
468210
699531
527401
117652
854907
324084
853240
187088
296808
983251
823052
251611
903378
817316
119803
635361
158251
409785
464133
344972
213302
913008
215909
285136
487961
818675
155577
882277
438958
375962
550820
861295
394729
491866
958459
110659
387538
694791
847554
317604
953615
337159
934420
203887
976246
359334
515425
658316
259650
311876
472927
892727
853920
572258
219148
656014
243661
403205
474227
635157
401194
795246
832154
172830
901791
845095
885721
319496
606895
565252
452245
868923
167638
241927
213681
408289
876430
483576
162295
454792
783043
140238
749431
509282
223162
228561
377158
175594
755301
508186
336919
969673
482988
815069
663120
849072
858471
203777
732915
316183
495362
411874
466350
298349
274689
956323
522735
271729
540209
118136
993852
570426
609083
583526
264566
666765
731611
575835
146913
508223
297105
622551
775588
730764
326116
968364
366850
417803
771125
796879
942237
143632
126068
341121
877523
635369
323648
233922
567262
553763
839039
240047
210345
193536
580142
860446
396923
329328
802971
313810
238968
668348
918404
878816
596790
525020
641922
937596
232900
637467
735427
856936
118806
280448
914723
667698
848129
608097
913789
324725
721513
466000
464528
334020
331473
446480
239253
948459
246447
612976
423665
675699
869159
286096
209641
705814
485547
817896
432281
291142
399584
241698
374311
397113
623738
204640
424015
419120
801359
200514
848919
498109
636886
623179
842819
808972
568438
486169
553011
270237
676639
234385
615127
683573
678818
778096
579289
306651
658064
531963
951700
747826
378863
787287
333399
555296
816473
215987
740719
949803
515500
414690
241479
417278
853307
266851
931527
171020
911981
878492
911982
844198
269968
197315
727550
382384
153667
124976
331142
907438
973543
256191
506017
555034
361587
959225
250303
965747
819415
767592
694713
262472
717556
728672
743660
270993
447228
445562
667485
890861
268087
469857
422093
664889
191847
240861
270881
322330
729290
793572
809827
418213
808185
219347
628657
243840
568097
250468
618013
487136
587891
323417
203989
376945
661692
870701
142844
464646
300265
225751
673838
925686
940461
911426
132641
169184
542814
699855
188571
545273
683203
276161
376383
662687
513362
503242
646870
174993
630310
172469
847306
177709
279472
419485
853586
595756
898491
899599
249868
937760
567193
565220
123489
228145
189511
635024
286032
565117
858518
831567
112386
641759
304967
189561
833520
760261
186369
365428
831761
855785
444411
350618
133279
315992
963693
599091
278661
339282
777019
453291
338488
426061
696424
209511
400369
386313
588861
828359
854885
988102
296369
324158
778681
944433
974559
358916
436045
259213
598926
784456
858710
937269
555799
727981
983919
465422
900164
336452
645279
812799
915651
564246
209972
720779
811698
555780
570926
632389
738445
394665
980702
812665
411007
884406
210717
973389
509932
839354
157929
554866
503225
845600
505203
641164
638798
712401
646382
587504
743400
756478
420663
771833
190110
336974
527420
845442
552227
765140
501823
877938
549203
656211
541839
820671
891726
851308
612150
203572
841088
323574
815095
126315
716741
797097
572016
670670
498349
389759
493038
228480
993860
671465
209838
511774
312171
801312
222773
950569
882079
695533
754212
182769
393730
907273
502527
892375
251521
404455
786013
507758
137841
791693
439858
444055
378799
495282
769848
804271
403154
738317
293220
295483
557593
433890
318921
492254
259686
918615
606988
962250
719435
717014
395161
991742
993506
567016
434469
457763
823700
295378
125238
362143
982229
631743
685589
380505
155497
452034
163711
393173
593822
436087
858051
196761
971859
592910
588908
152281
724560
540051
797820
898433
235521
160490
501475
334674
904241
552962
763128
194841
711890
848510
353510
422408
155481
518377
811906
411008
326555
866863
498808
971012
102197
712517
937899
266066
540299
905134
712761
980469
813884
646062
129554
852570
424195
665035
411880
175607
962265
637425
987978
486841
613199
935141
198658
551321
260204
933323
442503
131597
371663
248229
980700
607942
623700
165762
143919
476848
158867
749633
645922
262780
969900
789598
530927
566773
504439
463995
743790
437475
395278
515439
881653
777281
944412
167418
111507
178976
248145
128152
599151
947281
358310
338409
229327
454161
295449
833561
909787
191048
492706
956703
117462
271351
369447
678274
564106
335600
229864
558614
745315
180567
140605
177455
588222
885145
818111
461817
118711
933328
846810
917700
436017
786277
400244
352073
697095
634774
242528
127814
663862
944229
214648
174730
492700
883186
455530
521482
848223
574010
205089
307593
987122
219011
637581
522212
297407
323317
947659
290742
753155
609669
277448
815675
932808
740680
770114
508476
703219
960088
892512
257298
198671
759935
122989
839696
627166
330769
542487
614180
825904
953805
510204
925375
299889
829870
108539
534206
848655
549873
719885
825725
597056
302398
603129
819972
354498
399815
700316
236988
166961
414810
511766
430499
537202
406162
572758
236616
142725
215810
293940
364112
576321
604287
855150
722759
516144
922697
539575
279191
844322
148307
402045
777744
350195
231450
853507
980694
493466
624728
540217
831347
551920
510945
933649
355478
574331
911477
606271
873601
778687
187848
895704
817962
542916
852183
505707
498972
800175
517482
336516
794302
624132
853411
331564
392567
469229
755438
952724
574879
904576
353484
850852
296637
538529
503711
972909
899792
947107
688827
235396
505764
222063
721043
112213
835444
763318
509542
704905
338398
229508
617495
792990
811322
115044
166959
845424
128997
607113
443872
603584
443683
607003
986155
618798
401601
565981
687192
906792
181562
419474
279191
893026
585360
491374
258928
802856
600592
547515
444023
405699
898412
292856
958440
192585
426225
946942
501776
910169
672433
334921
873756
340213
972105
687203
554452
933002
900375
357230
769368
604116
181508
909727
964373
235347
521750
560091
373227
177078
345827
662142
712967
640027
219222
556214
483957
725921
875335
498332
168105
680657
766039
437285
613020
696678
459912
715368
446092
123006
723907
491515
608869
706498
911792
480121
732657
198296
426423
921912
816971
474198
499721
265873
166800
879944
822859
670733
784236
902185
696879
594544
763916
161706
817784
331246
400233
974483
564592
724304
886488
743185
591055
435848
851135
688083
137816
979914
930075
841768
285473
401750
664394
116337
469194
833716
366761
512552
557269
147434
639446
866519
812303
130297
122211
112814
300478
792479
210482
782880
387298
187297
539857
859925
751181
510809
691191
991092
571215
195293
621250
509908
480825
618234
591253
713274
627573
457557
834097
583717
922095
807960
852903
404813
624266
224516
595903
411927
323825
140412
936419
833585
320513
787308
595418
177740
431641
543678
372619
877451
494825
468468
637672
954994
479174
481034
902924
678092
967630
968456
436159
649651
476737
863453
654214
621494
229396
729663
719050
794246
424898
957323
865312
363824
296457
129464
251826
734731
986381
892422
793758
720110
101310
423617
373623
614774
456547
547897
235134
453440
278987
349011
471766
691663
700282
990553
582140
369696
667206
796968
971766
289516
673285
282366
973363
228000
530111
716513
968364
977513
352515
544923
313432
693917
378302
391805
709607
969071
452703
685103
166507
608020
576649
849962
394448
704297
459102
630909
974007
843332
783735
512590
843288
882708
455144
523985
994112
648988
944858
471373
532366
660662
827402
905155
509303
509793
878414
366171
435560
707024
131081
111606
210771
704167
342532
618029
829077
907908
538826
323326
238688
204987
981399
319714
619821
133907
470603
632499
830206
210676
218736
927349
393447
708796
197687
317586
129819
844488
835829
251945
655861
899931
578974
470342
402097
525845
730091
340516
724516
238420
881220
692344
536765
100871
942284
656071
921049
152530
911702
373979
451405
967998
199602
774003
496855
269471
883625
274391
842394
322046
340932
762959
777920
536635
537975
515003
815463
647919
784233
511783
270913
253628
597588
999754
963678
166993
401703
725780
276151
216361
160196
290851
997289
353058
839117
813781
925029
989746
507074
148226
349457
823086
162812
890987
982842
971970
784776
980434
859107
729361
899629
369640
354580
861119
615329
268657
688436
947529
844016
746732
497648
109320
117404
824293
487137
252368
822854
355266
866399
452166
335072
652975
789463
292206
268131
415544
794439
343492
486988
395171
271690
885533
839473
977283
657732
557526
328925
295223
310257
558082
608504
873331
306834
944645
648876
773323
158147
226822
378625
907364
617980
220160
672965
709289
226029
778037
677924
628824
383902
212607
281399
309011
236876
254806
675009
929133
581133
310864
343902
676763
187980
900550
711567
975809
695050
941044
128741
133242
981255
305839
713891
378623
927471
134837
435337
705086
687127
715988
259059
464360
238376
683753
348412
878567
811814
712395
557348
606849
212601
477868
400208
145493
168156
128396
613960
352426
903818
144249
287484
217266
779550
241936
109704
763788
457555
248440
941714
350778
137478
430976
848084
425593
990348
604612
375076
632661
557591
414163
928143
231009
766265
688708
493133
129069
723771
579522
110935
736822
143392
740350
561391
581619
974750
334371
380293
786616
272395
999427
207158
203284
534276
390529
921592
286218
751504
254129
400081
832686
887660
682907
652478
955681
191645
857656
963271
738844
874545
266219
291685
973696
930120
925984
538859
985841
572681
620088
542131
240684
839479
788088
174920
373653
308807
661354
463805
214858
314964
554898
238407
267774
146959
499277
838896
938675
325647
992142
595616
469182
506552
192895
283016
427242
831548
375791
476007
983944
174744
289620
802975
537869
640247
310300
211741
614975
798813
275249
646767
506290
797969
862955
900279
357849
905019
150081
108236
548139
114451
929063
807538
730111
278278
577291
893453
355892
886931
964338
803986
373100
362879
489755
254675
738284
889865
818094
497988
920061
117943
181840
852711
153078
702781
397153
298930
205723
797765
780506
356781
154086
884388
468698
419680
260977
973710
432868
790778
359154
245256
102215
837936
554063
397864
615431
955568
240618
815554
807576
717331
883250
575532
347421
321594
281792
484203
832581
440671
601041
915489
300112
988958
810393
464724
169648
714543
733449
162077
438217
276335
490636
408899
862580
636624
829595
637876
569002
758917
766828
470408
621129
609360
665569
686507
114625
330131
735205
580875
317417
611094
765983
561721
984830
313226
185651
696969
323354
929387
547505
272955
126568
469130
113351
167016
452477
165273
339721
240795
933257
609043
989669
578419
219535
291260
331492
608693
508647
883784
563841
688228
110148
134661
182339
346028
826002
989965
973560
692633
951434
561753
275603
720205
715556
744533
402664
699738
597486
684190
981755
991517
130508
128007
936441
499791
488058
530432
543890
514668
629340
404388
545018
965606
499707
444867
917820
232117
275723
388993
908582
134585
778798
457024
506320
517404
323999
766422
168578
988948
499126
853314
912781
301272
850528
606066
886084
951464
863030
183235
989506
717395
427151
407188
827463
563838
245251
441253
396313
701021
612851
831503
861606
479317
298535
700456
410713
330652
374652
168463
985906
515844
553575
362667
925734
247968
913518
522826
423047
647152
981675
583899
330107
736039
393407
564765
919097
515427
505714
709470
523372
796657
278135
179629
841557
204917
885048
930869
179057
965018
803322
719381
420984
102913
170776
317177
597872
252936
632224
267083
393361
782532
212439
690577
330054
927575
882137
120889
743588
678783
424478
762954
306950
867981
684954
814166
148612
127770
242986
747741
710969
678586
593414
376687
166136
151973
285885
154845
113357
769403
423116
299763
121800
893512
803737
721739
631841
900805
868869
176873
257160
181357
498065
378676
141090
451073
377071
938322
994238
898051
183057
806008
243865
719462
194367
343896
407742
901161
385884
457419
125459
613820
486419
253214
926448
654485
112734
682789
827132
935481
976079
710919
765948
761739
722560
469550
246150
717125
723267
277331
705679
738685
741415
402771
899094
563007
846552
308984
961197
629285
573408
783479
933111
918312
880506
893700
907830
407477
362244
610626
544995
237039
444730
366724
924174
335535
553467
558712
407581
633148
132795
773489
905190
241297
663229
513812
988066
335502
366652
597341
823534
522814
189999
650541
700972
945955
930809
143628
475831
981183
831876
357306
409218
589572
771713
994965
227509
225726
782598
133190
766197
634643
135189
322276
596785
970583
421874
658317
125216
353755
893427
428026
622598
548119
304553
240117
924476
318458
512561
625741
216518
692095
544449
499842
646753
975913
638163
905913
774659
322708
616242
566377
751518
730384
660061
239479
420823
962240
596826
560258
113227
488447
264183
573103
292500
637028
319281
479593
336875
793153
723414
381287
800784
725522
893854
193500
982679
969381
616285
707994
134019
957074
527920
919558
434701
741445
466503
771633
130385
120758
102749
595325
184560
874098
865464
233619
205798
715445
929769
472941
668881
296589
697974
385162
717042
959308
155991
737626
272669
155821
718336
831090
791377
787732
826225
420526
919655
197335
562787
550296
279690
524573
499576
734112
750852
273738
764565
458253
612949
462916
817932
211945
213531
418192
549090
237073
705586
355278
296602
518954
981179
112646
848790
314413
799705
914654
957431
553177
759394
639551
633284
648487
209606
428709
368034
406608
563356
973214
983224
926585
331079
246599
675329
713005
269957
436404
292362
689871
367082
650228
564734
575430
726878
333216
749144
845896
953911
467476
539059
381639
634363
505330
169509
388862
664613
908681
665030
628561
621143
892030
544740
772837
683183
852970
724885
242226
980222
646508
524377
367910
520229
679702
685756
947411
533012
898386
377805
221340
768476
130054
441977
722614
377571
878069
484786
564302
383532
445197
337410
576888
688217
978713
210307
416889
919382
624222
734676
962768
639611
185293
717750
340712
715574
563085
122450
860527
404511
826126
845496
344674
896324
601505
147928
605210
309337
114887
183881
921106
171971
862314
371050
680232
133635
235490
165470
546641
157509
313800
900865
937408
681705
656550
683735
869012
844771
612712
393704
400123
963525
899424
938631
535734
580376
432935
978890
327417
200577
500377
709471
807929
595354
558866
241886
954857
467033
286612
724887
166696
513346
632504
351834
677987
246276
319894
551184
724489
607249
379566
459191
284602
492906
528631
320452
711161
464242
197518
249683
449706
290699
931157
983227
960896
356677
744706
464959
484501
342205
183709
123374
612719
292496
678841
878166
537811
887273
844709
547382
488743
849948
476395
792200
120026
998495
590410
929175
720507
578981
243230
941061
406872
992585
817732
555969
873064
894489
968150
664605
764361
439049
482543
921321
263925
167432
342647
655733
568450
788566
687355
863057
638509
303913
866973
508136
807301
356897
723304
456803
849632
657597
224843
778335
136556
415868
111329
119691
459962
262230
979840
160872
681516
952061
752461
243838
784014
952418
319789
199926
791067
835510
882855
971254
614850
648725
326924
916145
283147
830968
774914
912885
571832
951910
299506
991587
221749
160118
535651
335016
387388
696935
328409
825974
450750
377151
623727
595951
781349
900267
783472
903025
512950
399634
575152
723018
766575
548951
235036
492092
404617
977830
975251
296464
697513
576360
755963
232267
891725
976922
639457
713269
405925
588658
299448
999250
228291
454479
358418
466280
110084
912771
177400
245540
317571
513575
704289
887543
444889
711778
555509
164521
188399
470954
711400
802141
722405
187935
235912
770722
777049
349552
823640
207159
353420
168583
669811
391244
235400
573013
865385
544015
622593
525958
845646
169079
121137
565545
820572
640939
683273
206436
161782
352623
124523
887561
197779
147445
679957
612403
672384
390005
854408
816634
376091
438612
167366
441498
246233
178324
787842
605856
944747
386248
619408
366076
649643
560080
146990
214582
377446
631437
963898
849659
388353
248963
640718
204189
429681
676030
758760
193003
786006
629086
867907
869404
265274
331462
373992
331642
142354
476594
806543
884340
666545
227348
252666
401169
319273
886119
420482
872274
385881
226238
338098
824565
857135
932394
982328
111229
450332
154683
506247
169437
174824
985425
593174
140488
366817
307550
466861
503559
950068
344838
350482
522624
139058
442998
785937
922680
638102
239992
837798
691915
860813
693289
572161
718448
484791
851609
801766
412868
702119
591047
512719
524638
928587
209904
412104
819066
702158
667370
407919
775832
144166
251110
789396
234612
799331
772261
322385
957556
587007
795730
847562
585519
160973
578558
141215
236176
945418
183403
155713
253628
733748
210600
896684
688377
432706
642883
406401
485979
995492
273882
371848
192188
334894
232844
181577
967592
781007
690742
732753
904983
905950
597686
259204
131558
449229
777821
702889
131931
614195
563724
833102
972363
531040
132957
132171
795408
399935
390113
702093
116921
608660
125638
655820
209859
932449
350102
951323
371336
208371
741937
467922
770997
344686
803836
606029
919262
960935
786452
516770
954545
332738
191640
862384
872124
580566
702728
312451
456352
772556
239207
181177
482512
390951
287029
651500
487376
303626
397556
753906
770018
687159
666753
686196
736621
201129
255600
302135
984464
106479
414628
902383
168119
467650
952401
935884
927168
803137
383025
814234
269382
685625
407858
250690
643998
590512
221717
724384
307063
952357
487961
867534
270923
102709
622850
627308
373616
581105
993785
895305
914863
975908
461504
143250
138236
933879
321127
410255
601003
138556
985891
341135
223578
548287
912977
350457
710933
892657
500300
929034
512000
840082
229040
343581
483504
615083
548567
448867
216646
945980
698647
914693
687599
390059
524906
448854
137240
725353
371639
257666
305676
207180
566695
233802
375853
661771
966631
794524
698916
814284
125872
537251
326438
339562
132539
108380
443243
753007
594739
850395
343095
471789
983412
803055
682388
158970
965719
219022
727419
186533
353126
539129
508157
783911
645809
961474
471716
125421
166169
633673
563823
127775
544893
305127
804457
393892
927752
118226
137305
979142
512012
838723
412921
935171
380359
465571
609393
668775
784026
317151
804415
845661
593399
298995
211704
342915
390565
914440
678151
378105
812481
977799
448564
257837
545247
546892
117244
796553
128999
415299
626108
865672
912715
438636
346330
633624
502015
115408
816104
618085
365129
317463
187541
183813
393754
843041
419978
477930
329541
743690
381492
428924
959361
759634
798123
461970
366688
896596
777543
739250
398015
820938
525555
390565
468209
451354
989422
853620
838665
307700
451223
809958
341079
888709
603758
720681
444588
238630
756070
820889
364788
836376
725438
749521
827031
167249
257488
312517
553986
298262
139800
875125
961979
243707
699890
545278
265636
472853
370905
931662
492110
261286
594215
364660
778512
430178
300944
709488
986252
645176
894795
731080
557760
132680
927985
831000
359329
520410
167361
847674
997441
171302
254194
880556
249438
779608
925861
434175
435335
545913
249382
170187
555816
540832
689083
748835
676091
613782
443488
784849
828466
880260
189317
158506
312831
157721
942946
241726
458884
475833
779979
531642
493983
431091
558750
230078
135873
876484
605063
737491
536321
389414
835992
172359
475438
156825
752563
959749
912089
306865
448053
743738
912901
287337
113948
445424
594281
990126
988167
180108
738583
321034
763670
706062
837920
992546
655136
706688
595624
524110
247522
831531
105833
719362
860168
995674
992852
900722
404176
862959
127630
502142
719335
419402
653434
474034
621386
435090
551078
322988
547993
392780
721222
706116
792286
237369
453459
189257
217314
218960
121709
585266
369984
572901
724504
232071
910690
587128
103248
374005
369592
104423
633488
797177
475453
409260
160564
716169
489806
527264
626532
485601
314548
139286
167842
260249
896379
266407
607671
851781
978287
164102
802853
713918
781185
333483
653138
259672
123313
358743
859971
300043
656814
815938
558410
326754
694023
929936
635672
240619
190152
141667
571321
690612
957767
661806
609245
614636
960162
608606
860310
449180
211705
788216
338337
843417
269908
562917
239858
521412
287499
847531
540233
717566
188057
830160
698404
448547
234280
777001
481730
380069
422992
544215
714710
985193
634852
510600
877634
930491
385833
479934
384841
801404
629480
355918
409305
622649
625198
685295
743571
658333
597651
520921
243282
539062
233530
931333
355209
755535
704390
863535
899303
465757
974892
504916
812018
797983
402925
161675
420013
339876
718503
812719
367444
635602
583115
343304
155748
632180
554747
427425
796749
188697
903670
636570
103318
802889
978689
908037
436107
230285
809698
942798
698832
422225
467400
319875
653509
781551
524251
368437
860721
127752
948086
448545
488348
164479
894791
568074
827270
606655
405480
353163
424118
707963
740395
252954
292439
445383
855100
862352
388351
417138
311585
727663
466794
137931
587336
525581
725073
820747
287816
177043
808013
485869
738158
148910
953515
344912
682960
343328
777001
348112
737369
704212
740880
295574
908803
124604
427999
172608
391530
709393
829961
651202
414537
218582
584055
391200
742260
554913
899723
253778
558620
729343
480718
830703
152410
560667
875063
179743
618072
702277
751224
821726
182352
385760
465411
337574
741238
811024
630943
628226
272022
154219
536550
747614
833370
705937
499055
943792
857748
925278
581766
888581
546963
213291
243996
362025
678326
636688
452251
627789
988645
138419
250869
401890
463871
867535
580087
382301
450411
247075
517312
994545
138979
968134
937006
670363
286109
702789
459747
565466
177134
902220
169447
364707
432139
467788
909780
839978
625265
930651
908769
205620
391913
431817
505697
634326
298000
359560
445489
900959
190479
106589
631392
471531
198085
803900
528435
168950
648641
341943
773229
555332
827609
527653
376347
438231
316681
661370
129679
806490
739750
238612
278861
161759
850177
503556
550629
644105
281541
823706
648173
173462
691139
988675
604226
216656
629595
951227
245938
580943
756447
630716
347625
190083
723314
317237
415471
802579
484140
468246
710801
839017
744516
952846
974637
927626
631906
872075
297493
686069
412773
700315
232277
145952
603878
585085
981157
328508
642701
878759
517185
707220
221698
391734
952446
948843
970048
315358
340227
527159
129873
381550
721195
496145
466251
897367
836772
849629
871360
810051
165990
591826
228168
383600
319610
520822
684844
179637
861507
996845
259004
403581
496718
807954
730746
805275
496945
405651
782384
200716
511156
169164
228580
167506
892198
345474
263497
350208
887434
836294
752667
496022
713983
571609
978265
355993
682530
915531
221462
315365
699560
749079
943174
843601
761694
249945
367322
446595
725262
259084
201858
717615
815753
223774
379907
424265
259989
333278
112460
695755
325725
700422
477733
748672
930386
574465
492520
566414
312244
351174
876241
445667
933374
545545
559573
263408
300641
312047
643969
858817
661051
769862
855632
957610
133471
494893
244908
597167
236083
506724
941666
370358
314095
394538
152695
456060
907718
881792
795045
242055
808423
166898
402773
245654
821212
496612
158240
856323
219756
614266
248670
822260
433359
302250
902539
794710
438895
416603
210184
706911
941344
787928
339696
819128
903518
801947
422229
816906
904101
771179
188669
610027
875452
691294
388648
423529
581029
558722
446654
792713
260880
536503
273509
596467
877919
557331
825858
603934
132801
766364
985509
442521
461602
917490
320501
720003
104167
405785
766343
578526
697070
314716
476576
343169
937989
784444
878033
120569
324764
618148
225099
985959
195907
962956
902458
390746
859030
713074
741829
997027
904795
786456
656761
139523
611117
113673
221390
675742
203101
337544
683422
861803
407332
423240
620007
513247
177576
703228
325451
211659
753599
212892
870712
444877
991959
720160
629074
439766
161193
701614
781631
984111
831757
589429
922889
821008
810997
620911
806001
238716
588985
516200
154021
196991
773973
212977
833440
125947
843673
195439
300747
487745
132112
578821
271491
565232
599031
422883
299771
487157
474846
333013
411241
513244
382988
616705
628177
947046
190917
467983
369343
118417
212642
276551
814328
833026
688208
705711
828609
775083
792495
285091
686730
639557
652538
137922
674518
107073
257225
762071
617281
769889
708677
913986
491006
511655
422963
402116
797986
204310
503680
878425
201895
180408
863522
815383
405130
693734
346628
370889
950675
889219
290060
963616
399006
994616
180988
600738
757887
402274
599316
189272
679204
550599
720898
227119
201931
855591
358044
978344
153028
140361
511560
245503
921456
962192
287938
292024
298727
246636
146375
657979
598239
899468
225169
769504
105430
169964
765700
253545
936213
809356
953200
853636
114675
796516
892803
966888
797469
812916
509251
686770
960129
293926
455403
352839
586324
738346
527095
741772
915187
714227
475379
694515
964576
756529
295208
805287
859240
710441
994410
883886
679243
703527
244669
770307
571465
716753
648637
225472
957535
993009
330510
432078
461116
439173
754111
560126
938173
609508
718109
358545
711434
629757
499063
858635
142851
843823
774637
181849
634218
441777
177960
184078
934694
216448
681802
611344
216059
120164
630209
772460
319114
194756
431739
957155
996238
373755
927107
531265
911707
943628
995919
311027
495625
162233
742408
306458
748412
733429
347253
827814
939525
299517
812751
318681
126104
779861
698701
858530
353609
970278
346879
190620
428528
874998
573393
159571
998140
171485
718923
983541
815787
254174
431996
701278
653586
919736
930235
928339
539722
646209
397919
592885
896229
677890
849957
219999
951409
700085
211072
512156
166778
855377
540813
953042
772579
386572
330377
113386
121682
183381
372815
789932
657917
723768
330886
589337
968226
220355
915129
961870
821494
492021
525182
421640
862545
841924
293830
635238
435008
469803
548721
690367
473858
207169
456368
631627
396693
546353
813281
481422
310165
808667
949400
683548
399258
527072
244206
869950
753850
634937
674045
872973
130234
163088
282870
832974
336559
666339
287875
328832
344343
241776
230987
525681
633685
518170
424600
749136
392336
775791
470105
766604
586910
636556
242161
948628
881193
367861
836763
553421
581652
894081
671372
213986
951079
819677
487750
804322
602369
257137
965356
887321
152677
167327
807705
783202
600846
537782
539864
868645
431307
802177
825005
530194
805963
703310
846684
969112
451940
995695
277922
766951
781507
436444
727352
362278
230274
242826
825547
711995
856585
804872
595039
995720
365724
556811
833465
963813
703053
452168
415797
673070
778079
527509
173284
718709
870035
445236
980684
216742
199790
843628
897829
521461
215088
441187
376611
287191
746553
224620
892420
411598
143284
319064
548005
581029
656286
817878
199939
176149
127915
736985
121367
150240
634533
436887
444364
232584
262536
961860
186233
956499
623205
856778
880889
174008
689006
729577
344775
179674
621443
625227
826774
413486
561351
876900
706665
245129
300411
628719
272231
722096
568470
211170
477866
898572
974393
109080
370780
388672
877595
756720
567198
397004
438191
537129
547341
210346
955310
644470
155425
516285
515661
231872
911616
244735
207818
498577
229407
271621
282108
706695
593490
324484
969003
214622
815933
138786
954073
108601
875764
173684
606540
316433
525794
417395
380950
563138
362541
981176
945993
724120
574454
533992
660803
591414
449209
519599
432371
244140
476105
268627
472990
320243
917659
319164
238637
324324
229152
875003
366754
568402
447841
183393
819755
432432
638329
126940
582380
874130
893510
235102
956614
478174
746630
811616
767578
146654
948829
377817
812790
728284
861334
610218
280866
655522
739126
418685
302173
856891
611984
378969
978524
886609
384491
971720
341017
533516
767946
469121
222425
524204
165347
670025
377137
206748
214109
826785
746449
209593
815730
975296
569151
395095
212630
694050
218937
874970
585280
626506
236325
704702
478548
293961
508531
942040
222872
872997
923717
257769
154995
300306
246939
653140
385330
157502
335660
432885
793200
846882
397337
451053
563265
645882
446945
297758
591394
644837
984596
551899
552508
206892
846882
744494
754425
601694
498527
638567
431268
446987
359197
447918
964796
820443
170967
829008
287676
460830
643535
283094
679697
985558
229411
304731
456480
743088
365179
539437
153100
872384
188316
532715
257566
132747
728085
730151
551081
747254
439657
446623
295110
911914
924654
993021
847719
823134
131761
529156
923604
799941
129177
458738
353280
937148
208399
670426
628176
166242
300037
230304
303339
399951
306022
314004
314577
830540
793996
611629
774818
183952
227777
262016
117735
237627
395417
365258
792240
875611
902647
897785
621819
391434
909413
226349
465500
414114
988366
257553
351006
239117
328434
242135
703643
352811
477724
820965
812961
818109
740563
103065
753673
280608
944669
991909
145617
906424
411228
589350
818211
267713
947306
269510
989890
427968
440189
824561
369273
402826
767160
252915
147129
493369
697987
815173
313788
386585
964408
371218
603018
107863
713277
111561
278117
547433
520297
286538
735772
648526
354665
748933
661526
331660
483833
884936
673407
339934
162695
249809
511946
177562
795418
574809
793003
445313
272480
228290
806529
634509
611159
418941
975353
720287
402657
586014
887534
377488
749289
555744
919612
773171
633623
940314
369073
218159
331664
837607
659772
236493
365376
139238
621681
860889
788737
204683
476085
299968
781080
595933
480137
190454
612867
415915
255912
831999
371724
252424
840760
486739
670134
523566
567610
768230
113476
751109
150245
107497
957471
850072
417801
828830
222255
595765
606179
374482
291635
202657
405775
413421
640461
100984
104761
767761
472201
178315
582362
820725
776752
531286
154984
779683
983697
622334
574761
653571
286426
309490
592661
207894
343578
730237
350153
421591
316777
974862
622013
890250
254457
759043
328243
278656
921072
127537
547873
918106
907914
308436
687063
489670
785999
497432
743961
402217
726595
243303
588758
789467
342275
709420
124332
735830
321297
988560
299298
591097
361373
887056
175820
312358
154859
132368
438258
631017
292424
908914
778802
785157
748321
935335
971966
823537
196172
155420
447719
684261
103853
933521
576786
346530
253704
399413
586561
829594
587532
160771
180038
459030
551940
305336
538775
931444
606547
376764
327121
438570
441982
427769
601131
940709
672999
381170
870323
834177
741260
390114
748860
659747
504785
728909
835446
940805
609729
727367
329368
589389
194847
539946
960132
733966
451813
858338
814182
407115
306276
926481
653453
672691
657609
967375
716196
552625
856661
974018
332613
357394
201938
906961
479381
784335
541618
167920
320873
153080
503210
544425
754974
873428
952928
843054
518507
517551
792078
140542
647007
775445
630654
146557
271028
218987
932736
861745
844726
190037
581359
801824
495280
758790
385425
522980
956916
777077
923303
688923
723153
275328
567708
477470
496647
528154
210180
910051
937944
204767
946482
637095
357964
847797
423317
179678
515868
691444
280073
652310
190771
359167
515545
990211
370016
476761
175138
830189
761744
984740
858936
865277
217359
480310
922845
203484
743928
300486
378035
179059
653864
594176
595983
100188
812757
630607
826530
429046
819466
390016
502139
348473
226641
694076
493727
550011
519953
312387
598664
647900
445030
658775
198386
273748
764980
284824
263174
547733
326407
380521
416956
245202
543865
317511
391281
349735
786058
222229
528998
442603
626935
969335
993508
139930
262930
424047
379600
695123
442491
762034
635205
835594
235767
131881
681912
417984
633016
230912
119989
883137
821930
630994
447340
346711
770039
618104
117667
828699
770095
487326
754717
440720
900279
167259
205311
910066
276491
659694
364557
303728
992768
707051
401842
174337
897842
218861
986873
398043
755737
780167
779390
235109
969790
843078
681509
294392
980483
289447
651160
820213
529776
854087
299131
689953
459440
668682
260036
996251
575039
585906
122502
577256
445362
266681
946907
416562
976097
963461
172858
617672
890677
837070
552848
877942
135427
466597
561848
222089
825066
906570
562621
690267
818589
809633
870898
220544
860382
900548
960263
840901
490027
755307
464648
232034
841760
825200
225284
783283
488800
110174
187212
727017
289515
868076
434661
912480
515300
924403
100466
645359
556616
881888
180986
366412
717164
505774
108523
693953
436970
324590
597546
789697
874303
859657
494437
782685
444050
334552
409554
897862
779457
576952
323040
966117
142781
617243
608885
396456
909532
690151
673435
167991
561190
497263
177021
969583
970246
867286
603950
622923
855792
562033
900424
833251
875104
187412
748861
142184
403399
660635
123000
646435
373336
392227
161917
223937
662005
709388
510273
956158
670760
976501
870110
420823
950824
678802
461156
816301
411155
121165
313039
470414
128878
670341
945262
950152
323607
928697
833888
934191
108802
399344
288648
727108
495393
966081
270799
168547
438271
505451
998007
644389
898716
210064
962840
358080
900846
985894
294031
824113
823531
160645
643140
600113
634483
327950
110764
985085
735284
595047
136949
826811
851530
122416
440568
453899
288998
438873
750885
923608
165467
434792
280418
628651
599328
981557
278295
591330
572479
253496
975051
527745
636782
502608
917011
713312
154119
731833
692691
334310
412174
405041
714002
287618
291642
158985
364343
229391
752561
266152
909291
676430
585332
847669
243900
686356
651144
355190
310190
429907
206016
801433
944506
918933
972821
343232
256640
414419
526209
963191
345957
304293
148316
668902
632653
929375
937526
907656
836857
269638
928132
608032
346076
449519
231284
783951
604977
792349
375334
899842
530971
859151
327679
534339
447951
313534
817500
273253
701002
825463
322205
441921
821888
563098
344931
700409
926610
899536
532138
375572
703225
987624
305937
256149
538355
988943
345182
852869
290784
467863
100385
231251
544088
205720
870791
951922
272648
328632
521485
376126
623302
683588
320727
459913
952932
203212
208174
840193
209006
836777
719994
436074
799395
242564
367213
842066
512543
534520
620863
811739
416276
894508
247026
537429
759907
565674
358728
939510
858157
737836
333848
895884
494297
406549
199438
518140
708557
899723
122061
556998
987283
106006
613225
853174
143681
612860
212706
433945
909384
149441
419911
877995
871457
983002
236464
707240
123429
236868
547595
446466
782471
928272
707624
494843
967351
566179
342887
135695
993068
968457
578601
876057
617510
196174
603798
904100
688484
507538
486756
382073
494813
712749
105102
992979
740237
369653
132850
241920
326770
966423
965980
258316
239015
329796
392732
479703
625614
563965
176839
262838
906208
199308
690967
939338
135052
231634
728694
300561
570091
770683
663253
219036
428217
738133
843292
616189
853297
699891
730178
157222
428465
139959
299279
846819
605412
806026
957662
304762
244004
516786
861269
386266
114359
626883
146853
234919
361764
932501
708983
340169
335836
627502
224170
350279
815245
494627
728488
864902
640108
661964
443930
287628
311137
996832
247815
588115
871534
133194
464978
734225
711545
762702
651383
361628
483871
875423
997898
750393
325629
331548
726145
567747
168618
305219
704444
785206
218710
242022
218959
722042
109766
111019
802715
875247
509443
130852
218205
801902
262493
974965
828166
639288
667543
222856
365231
544414
149694
940548
258182
761387
918457
370535
122667
544225
968056
590461
533524
870475
355252
871823
114510
765760
202443
941044
335419
621998
872047
122597
786520
648626
918100
142846
792560
969278
772034
970824
388114
675742
437434
296862
240496
445066
422139
422986
635015
489782
386153
319659
417371
400255
443199
292854
183213
351565
603420
383163
523339
588618
707725
692339
575028
261055
728597
503518
702403
410443
515330
277688
240045
803194
961062
889276
881140
857140
476929
797263
497192
874319
417932
600393
142662
574303
870594
875993
153040
256287
274938
904642
832299
211817
407012
933743
709391
914431
781293
686550
224273
943072
640020
565632
353837
106150
724764
589156
809209
199248
681150
288566
846665
348542
650098
737680
367393
214083
567334
424689
977387
319126
631672
488117
505063
303590
954227
198496
873984
620605
519171
967748
240825
258217
969158
320514
110926
128751
654848
185200
352904
224342
162335
578549
765907
261441
261455
735165
900149
264407
219864
829919
518829
908969
196687
653791
659009
899653
340300
600787
274848
642208
533227
413241
624686
411359
104674
256860
103782
217913
670713
651153
676556
621921
887177
692166
503158
245022
228369
441382
353755
388308
405680
505386
530650
696282
438634
493399
590116
835425
431850
172516
808570
306756
356052
461185
580396
664584
435916
654379
163136
733343
966815
592228
901642
368387
117998
599981
416965
287481
975427
771654
313465
799466
249874
135259
662413
881364
878027
448108
250646
229388
621593
777095
560113
401673
244539
559917
792322
335489
661262
946575
424822
795041
256214
370929
194797
874894
622155
637444
817720
451122
756311
988039
432623
693262
159268
528690
287632
549092
868090
734251
238129
153470
150567
901589
225782
327715
153488
633806
525920
612437
889345
591553
466889
167506
888258
704980
114583
984794
895380
424624
835778
954830
416989
872155
945183
353562
550394
589113
660937
106344
915632
265825
170219
821594
475455
791700
450969
832871
472823
486803
437865
533688
930190
584479
914825
655722
302388
231369
593583
166025
225678
948900
107434
246903
787286
922945
884263
614177
467967
896129
463090
455559
418791
651270
119662
677441
462765
269000
989930
774874
541981
560820
403487
924953
546237
826454
855739
675400
877078
732211
932735
304782
185204
277221
992316
206662
665215
225557
701896
274117
332741
666821
601798
313458
296583
759031
324775
475156
929617
436667
951028
363196
739076
686963
799467
627347
275969
186800
250176
196343
684604
565304
524832
791637
441314
820150
594763
584867
195611
310076
988786
237973
191244
894868
994376
987847
327230
935552
481596
247819
378446
400002
434570
290056
500832
254062
998682
270014
279782
483036
281565
465764
138042
619674
874958
136716
807049
546758
353095
164232
371781
394701
154990
171207
212327
989620
991226
672661
928335
307881
685437
899050
751468
507084
656727
936482
161277
724607
234431
577250
644635
607619
475102
111416
259465
298751
909159
126678
150429
607762
525231
516306
886949
655082
733960
429471
359898
898757
158532
157551
402058
927926
826464
760987
558898
883810
244908
726260
773069
807794
995668
273494
630135
841574
701329
869775
254877
724814
996563
283370
650561
789244
575001
565999
118462
844885
856302
399092
667950
875929
181209
523472
968239
507578
146538
482701
878733
268865
881186
693749
411516
913555
667962
474536
615650
360671
197707
646676
798794
953323
137863
466314
123559
380947
266053
719124
784945
966391
593497
302036
826991
653111
344625
296095
654580
574473
781190
856359
744022
689221
703696
937410
229478
290150
881297
837572
544493
843149
453169
339007
451341
361305
612331
413180
486350
642079
507203
399842
538043
860936
954988
913013
719658
332637
244449
725013
272182
272960
342936
946256
463040
835505
922561
253984
105989
775776
389792
782472
641886
120011
664510
237989
872589
198124
818873
814310
283120
452618
928706
409703
367502
305328
712749
808159
355805
406095
409116
381980
636279
254636
816495
404591
613348
780670
296381
221241
870117
853279
360597
469074
204249
405321
322451
276700
165694
803240
521470
522071
779455
986339
643524
462725
104331
207587
346564
403804
609016
393416
465587
878225
213804
454261
364457
546453
730454
923076
635231
343208
224196
211139
482493
282574
980887
916400
800104
129321
955774
345236
190394
585557
548891
488281
509199
985886
108005
719019
456518
374478
768331
473371
468524
993230
535877
215738
805038
462805
801901
495471
625323
909224
753365
572172
839660
424399
454634
287320
821520
806670
761157
326914
463812
931124
652619
368308
936332
996557
322730
997044
996277
824221
846048
338822
632575
902989
327562
441645
605045
389854
924408
398906
736691
500441
338285
630160
767692
758717
291899
572478
862143
775905
681012
597874
501255
682129
948967
504471
752945
497628
465141
956353
287766
299979
801084
524681
431077
400418
116438
449590
178198
604095
647656
148800
782200
581365
368984
995000
563889
979192
178301
456056
675709
943500
932846
632372
988176
375307
437386
578993
461020
595051
853531
879119
876259
467116
982734
996081
665199
325558
752374
135970
703221
677879
760296
406888
622430
992328
900776
286474
620860
901890
247067
513922
198083
888562
942439
537413
948141
993536
153346
411135
638457
341279
325173
718627
998844
897740
175431
753061
612086
717759
599842
171880
860456
624809
760100
898158
620362
558715
841843
963211
503550
502292
199559
277715
336177
978447
224278
900656
766099
894039
815431
116974
425678
804326
392509
158262
299967
587497
882938
930085
859643
213886
264081
841925
101443
457463
991830
982690
579468
200937
908056
274200
622267
591559
135619
579835
248901
741279
173138
711370
981865
216845
451606
999006
277970
404842
545664
503388
360043
885827
464482
325601
218809
751959
847298
989280
972161
396449
829909
810852
402918
617406
907439
820142
484452
519490
441009
532171
952382
228479
193726
176518
891684
483473
963721
593947
574216
114125
613479
474743
829399
338233
359989
168603
745701
719382
732451
150481
586686
792963
763418
695219
255897
213100
114984
312157
583002
417783
379153
960934
246639
774441
845026
123813
955051
654361
133662
922649
828276
961759
807101
753957
366895
223131
257388
233716
120216
562297
121367
878274
163673
152338
915414
858789
225718
537232
943996
271414
636330
671655
419638
244886
291509
869661
660698
959002
533804
349092
101921
235764
102832
544656
280135
367564
198417
283284
336132
829284
574561
181653
909286
483013
885510
901935
939310
624686
568542
789697
377783
554020
283695
768743
776514
730582
226145
863707
232268
665484
110317
552638
833952
176043
624244
799729
508556
587444
380809
400978
537717
859636
928061
771337
306512
313686
631219
925443
725635
530107
883020
323715
125906
606226
542037
249620
833291
100735
486626
929178
103085
782283
498646
925039
364145
155088
125420
511794
454735
503134
729901
989631
841994
203541
926856
716399
549570
662760
741945
973675
429467
701637
956326
511448
500295
833673
944768
224753
166556
661888
463179
601740
820187
761611
718611
520789
895016
367910
939248
830433
515409
270729
481118
917810
537357
602198
218778
747464
589735
478468
906753
306241
636702
348123
330261
857033
105738
136128
794980
790932
532473
169750
545357
177180
445441
122228
645187
232010
199509
721782
345902
932999
663310
219553
364229
816288
739764
827352
979068
862831
361096
732706
936367
781367
210356
622013
701225
798969
488718
676650
524264
760844
610778
364256
672570
951648
702634
447641
695071
976734
977634
116444
633814
377353
206534
123992
512779
237530
835589
917237
640576
642101
344935
236548
261427
228885
350872
438946
764879
637929
441197
766437
163465
202887
197534
831607
568175
249441
631250
333953
660307
116101
164598
387317
787912
570145
773870
801640
306823
633547
251729
639468
704624
969172
118031
265879
368846
412033
825577
985971
137096
234106
491452
301222
427834
369584
584678
830286
969173
780720
796334
431828
135294
344605
448375
611484
158227
853360
702737
418938
473095
446311
683418
535879
795063
737220
952875
939993
502719
927019
205632
396372
651386
211035
237773
751839
591245
845723
614111
356156
882495
844592
293351
274054
431822
395976
969743
710576
407244
942238
470340
615900
932639
136123
950985
490173
784319
809432
381306
895409
203741
427508
497898
714459
819953
357831
887256
918251
840453
422198
298779
624427
251417
865279
392807
209115
665957
607781
494551
482639
782437
742528
983094
965553
477536
106008
218621
381055
715868
619757
820013
475473
523831
794200
917200
302345
473607
595827
725558
608712
239017
886769
851516
407128
329265
545018
603122
437440
861326
254475
287147
234440
784552
376242
882456
640447
216451
297688
485546
747623
919885
948865
962438
383657
778167
534368
393861
475794
975464
856254
114386
101697
835376
187058
405668
570348
162696
254948
896230
774021
559774
774705
341156
461896
507267
298176
225945
268116
578119
861852
533390
682408
352722
336281
644982
987576
774353
750409
374328
572945
507236
115698
999594
204709
932102
531377
381211
121705
925639
172604
552362
777975
747389
954890
955174
636321
914708
841675
659496
967921
689099
592631
537759
360167
820955
341213
862306
965080
120621
700527
593409
178312
553352
429240
420459
647941
475561
798725
452024
251264
625434
574551
945488
610426
986669
584882
203024
273762
876741
853280
172044
264422
208257
532425
691438
797696
764774
574920
760689
448351
243588
437771
134451
224224
520409
348127
649743
220079
630736
458983
888859
245103
430022
995005
786111
841418
948579
731994
333438
552871
364651
142329
326966
666947
564763
743677
120183
507844
385840
565387
340634
218408
715017
424559
786681
277581
224728
581020
286396
449941
478131
312632
653872
852469
414627
945998
821225
526755
376765
634620
192723
726423
950504
931045
601789
148381
474754
996793
591172
383954
976882
485522
754930
218497
275271
605295
663639
470195
885158
450737
993335
508488
772959
455169
495248
889590
179147
790133
155638
543407
848061
232816
909855
891523
571323
989244
253365
953949
945640
102298
105825
486358
165963
618508
605034
901011
516691
904006
890315
220653
991708
373364
252662
195779
993245
844397
871452
406677
151445
253340
111400
880513
313203
796742
701059
204582
328094
868929
644467
966518
163779
876936
238980
184945
200127
811013
564210
128436
659126
364647
380375
325725
443661
102126
238280
114243
719881
653682
651456
623191
568738
840819
265112
485720
772091
282715
441555
202208
344108
398343
874389
846712
651951
638194
353362
751722
403193
443784
694038
588553
346527
587662
419474
525834
484768
918090
129634
701732
520619
148723
817261
149192
238435
728535
894148
951236
410921
908670
361133
204113
141297
614432
308064
218740
235009
166826
608036
778956
398937
158655
883701
967708
243847
981649
885397
406035
965997
274524
342709
220885
629351
176917
982286
813666
523786
175482
611499
987531
624440
138703
955917
635776
896348
184035
559178
596169
886798
528403
655010
319847
247966
673070
367424
864447
173406
344261
507279
173998
837739
951206
356353
842507
655273
963115
385120
560156
267286
771328
817116
214995
246795
867215
262121
978995
630680
636909
548353
779413
902457
571901
546709
243491
328663
579679
648395
478185
927297
590053
648567
795641
692603
161182
860330
665746
743311
540443
947326
261717
412164
841938
443713
658221
539871
971180
931640
714359
252270
783041
514422
673927
258578
169801
541071
264340
331020
394182
781962
241300
273212
379563
660073
762268
136032
682317
822186
357470
567551
410881
638355
152849
933227
319559
613956
569531
204268
785588
998373
135769
911725
866240
827841
934818
572995
350727
959771
433294
311187
399718
930288
309613
108158
419329
945829
144745
386355
298698
208569
464602
150614
419264
835028
293553
756321
512666
342989
310453
891520
700072
882773
964259
917562
936787
111937
137529
725715
948151
871676
601061
190864
641628
450080
475434
624779
875179
834569
761289
463132
949429
100899
540505
992442
868175
939265
419617
204712
928312
858791
285647
399887
584761
236941
129699
550734
912841
545139
570021
853371
316232
494292
957230
187579
925318
257701
328770
826226
675764
819435
780862
338749
872767
366789
281715
653128
959808
480474
965432
548583
831524
928979
214006
877322
204839
503355
836835
739319
240327
735563
743835
553567
555910
231374
728928
546994
666804
139603
124083
522258
693022
297531
681110
669396
367717
475550
540494
312719
650548
516790
579412
310143
591049
314797
456066
797523
276656
137080
972681
652604
274288
599622
693812
670753
252027
431646
993865
974312
596953
650110
973950
930454
578258
938311
458275
545235
683026
947837
855351
774112
444074
910053
151629
782051
668524
727599
539965
329257
785994
461160
803800
246298
318411
173292
616408
930935
599799
615661
816730
650999
886870
505150
947362
778863
290674
837947
963194
817723
140045
383226
508796
258232
473705
352046
966140
894590
738029
853847
195396
628409
881614
707279
529887
778095
161508
507943
149362
312244
268526
313163
392690
803520
995551
430418
976599
884933
212634
455413
522149
727662
530018
910855
147958
171220
680634
631881
921129
606806
540151
226105
550549
405760
343858
270967
199264
226202
491404
221880
462043
584392
830767
763537
813435
107009
536686
712887
272756
355025
434928
548587
402485
901194
851437
861223
278388
221812
560682
834255
799093
649402
461668
175765
144889
221440
205141
890650
296203
235193
894578
982807
305236
840779
876586
119764
726580
205767
465378
108986
344584
542797
512750
370487
865492
646647
661858
320776
804740
295221
682988
793361
784964
832235
675726
760201
882200
631730
530641
346478
724787
466172
554100
620670
443688
771238
469967
132973
507047
512149
491658
415525
411366
939667
636545
223522
900720
299362
525068
750086
298548
428699
917201
194013
217234
182663
891395
202663
639708
131490
431760
909750
287986
295141
520062
864212
727690
508174
370148
268641
311960
940485
495120
493070
729890
721402
465890
364948
243588
557205
978084
300840
752483
321279
435587
444170
609728
920254
575758
416307
110699
550883
579179
679619
191934
948789
614353
586993
411141
438053
179525
799631
160381
487490
233093
950054
669464
830403
838965
267638
433265
847647
937856
460691
702891
512832
994740
267014
222411
213469
861001
847613
933090
947595
490687
887371
554551
979549
941999
749645
180701
197007
466737
795068
100631
400900
128303
804341
754585
807904
536049
967592
953771
366083
718171
453127
484296
186450
826500
918280
522194
356909
646647
597819
225369
435706
631558
739368
720842
860157
999009
849776
168974
321560
176130
518386
842423
870672
410438
509223
134724
842187
615818
308957
281991
873897
715977
355853
799502
397273
610245
677472
901959
443627
886383
896438
791962
375239
839404
857804
563396
729848
920744
510949
