177043
777001
179743
705937
670363
432139
900959
316681
850177
648173
642701
527159
312047
643969
858817
801947
771179
581029
792713
343169
120569
195907
861803
444877
781631
831757
620911
196991
578821
299771
411241
285091
714227
475379
710441
244669
754111
499063
843823
911707
311027
698701
159571
855377
690367
207169
546353
634937
242161
951079
802177
825547
595039
556811
778079
897829
441187
287191
581029
121367
729577
621443
245129
272231
498577
815933
449209
917659
447841
302173
886609
341017
469121
377137
508531
397337
644837
498527
638567
365179
703643
991909
267713
493369
815173
520297
748933
633623
104761
767761
592661
730237
316777
328243
361373
870323
218987
910051
359167
990211
630607
346711
770039
754717
174337
755737
820213
266681
963461
135427
562621
783283
924403
874303
859657
833251
748861
976501
270799
438271
634483
136949
826811
628651
572479
429907
963191
273253
459913
512543
149441
494843
566179
382073
740237
570091
340169
311137
305219
365231
871823
122597
386153
417371
476929
211817