712573
821551
731219
845491
241589
185189
149839
673769
355777
700633
209549
427949
413159
632231
573473
217319
375259
106993
735139
869599
931309
316073
957133
781619
339103
851267
485389
842393
243403
895463
264637
387151
517169
857821
219119
134077
262049
306821
339107
228077
100559
848789
982087
613177
829721
117703
588097
609079
514571
841933
279119
374359
832309
209771
864359
753583
982343
998897
634267
917093
608401
522239
941179
995347
542797
536621
161141
397673
463093
536989
685031
814327
713411
866431
632699
219143
307031
779353
451901
588097
263387
785803
256771
741877
605779
743167
155707
110647
435569
897269
943693
931169
363619
413527
594917
942091
555461
934403
441971
646423
208891
151381
702503
535663
574543
550757
980579
823051
279613
510361
884453
867563
599699
497729
518729
640853
252617
888793
731389
196727
442217
156089
362863
218923
321413
460379
869689
596899
236017
606323
897163
991633
388529
366967
259451
419183
721961
593951
786553
173651
361799
487477
197831
989477
647617
253703